    P_ECCENTRICITY      P_OMEGA       P_TPERI  P_IMPACT_PARAMETER      S_AGE  \
0         0.341563  -485.144559  2.456426e+06            0.606793   0.369247   
1        -0.017810   755.541799  2.461566e+06           -0.389933   5.582669   
2         0.127979   168.486882  2.458333e+06           -0.187824   8.361211   
3         0.703662 -1549.227086  2.448064e+06            1.294201  12.607245   
4        -0.484568   645.075090  2.459673e+06           -0.544331   2.158388   
5         0.840433 -1998.967120  2.442825e+06            2.813686  -1.008563   
6         0.219732    -7.627427  2.454566e+06           -0.342600  19.560131   
7         0.067369   286.258910  2.456936e+06           -0.325005  14.750997   
8        -0.331721   620.040234  2.462372e+06           -0.024105   4.235697   
9         0.170827   624.771451  2.458240e+06            0.052946   9.765968   
10        0.507201  -741.769865  2.454486e+06            1.348268   2.287838   
11        0.189919  -606.319085  2.449042e+06            0.374719  27.896095   
12        0.090122   -44.726066  2.452705e+06            0.549260  18.880372   
13        0.042164   197.492944  2.454115e+06            0.621867  14.333847   
14        0.359470    25.701439  2.453088e+06            0.182604  18.802512   
15        0.266285  -208.648515  2.454444e+06            0.540715  13.875374   
16        0.384763  -177.347418  2.455766e+06            0.058690  11.400838   
17        0.182717   158.936053  2.457205e+06            0.015194  12.542589   
18        0.279914   244.712551  2.456701e+06            0.064354  12.868900   
19        0.439103  -158.023399  2.457352e+06            0.404927   5.840566   
20        0.324582    -0.813054  2.458210e+06            0.425452   6.765209   
21        0.123116  -112.365894  2.456701e+06            0.426661   3.753192   
22        0.188406   384.641602  2.457672e+06           -0.025311  12.331894   
23        0.310243     7.864973  2.453923e+06            0.111605  16.838485   
24        0.073296   -45.507678  2.456051e+06           -0.072292   9.825907   
25        0.228965    49.235324  2.452035e+06            0.484362  18.618650   
26        0.210711   232.355012  2.458371e+06            0.152265   9.390819   
27       -0.297064   603.744251  2.457896e+06           -0.433178   9.540375   
28       -0.269303   479.070443  2.458689e+06           -0.407393   8.860763   
29        0.174165   212.317252  2.458012e+06            0.225589   3.256328   
30        0.169025   312.854278  2.458708e+06            0.114665   7.540929   
31        0.273992   198.226276  2.457132e+06           -0.035458  12.418748   
32        0.226066     9.293415  2.455108e+06            0.128603  14.183577   
33        0.260646  -324.793647  2.452080e+06            0.125223  17.319850   
34        0.326735  -733.218917  2.452398e+06            0.483097  10.907223   
35        0.459336   597.887806  2.460740e+06            0.629331  -3.387324   
36        0.458661  -308.508214  2.450635e+06            1.147052  11.026261   
37        0.058740  -191.697246  2.455801e+06            0.007653  12.900192   
38        0.147423  -339.616265  2.453631e+06            0.541301   4.016245   
39        0.234685   242.066562  2.457932e+06            0.139081  10.046880   
40       -0.203722   616.560062  2.459260e+06           -0.533161   7.206765   
41       -0.070991   832.089162  2.463062e+06           -0.290170  -0.706342   
42        0.181789   229.917688  2.457089e+06            0.043178  12.109137   
43        0.340229   145.910600  2.457408e+06            0.439216   9.086574   
44        0.291730   -65.008781  2.458163e+06            0.374057   3.859489   
45        0.368272   -44.070871  2.457180e+06            0.291071   9.137702   
46       -0.046467   377.109097  2.458613e+06           -0.458438   8.190324   
47       -0.047346   393.802990  2.458665e+06           -0.219049   9.925360   
48        0.570262  -429.844341  2.453712e+06            0.247792  12.853343   
49        0.224428  -133.283775  2.454301e+06           -0.026621  17.681826   
50        0.138171   307.474990  2.457400e+06            0.139198   0.264449   
51        0.058656   544.214234  2.462525e+06           -0.176180  -0.956376   
52       -0.382676  1150.231986  2.462882e+06           -1.098155  -4.025761   
53       -0.084278    65.351206  2.457185e+06           -0.102574   7.858175   
54        0.223629   201.336565  2.454983e+06           -0.080731  16.310931   
55        0.059215   559.628434  2.462647e+06           -0.172819   0.688417   
56        0.189641   602.957060  2.459606e+06           -0.016568   7.996350   
57       -0.131934   212.573631  2.457122e+06           -0.127597  13.661536   
58        0.178056   277.504838  2.460598e+06            0.181432   4.121606   
59        0.013547   342.836945  2.460022e+06            0.091793   1.464476   

     S_LOG_G      S_MAG  S_METALLICITY  
0   3.954457  16.085524       0.382053  
1   4.100026  14.003946       0.092251  
2   4.123309  12.497701       0.093177  
3   4.515596  17.180029       0.528573  
4   4.426645  14.930585      -0.683612  
5   4.488738  31.865316       0.849452  
6   4.682066  11.797689      -0.018672  
7   4.531027  12.482814      -0.031267  
8   3.752590  10.927384       0.117960  
9   4.497276  10.477735       0.066377  
10  3.852636  16.200156       0.737012  
11  4.988371   9.425235      -0.031999  
12  4.835706   8.658064      -0.042433  
13  4.786290   8.337208      -0.066418  
14  4.873081   9.813961       0.042676  
15  4.337520  10.689580       0.301624  
16  4.387494  11.992649       0.296184  
17  4.264606  11.767197       0.197389  
18  4.409535  10.932660       0.194209  
19  3.913770  12.550190       0.464500  
20  3.872944  11.367041       0.485107  
21  4.066060  12.506108       0.120885  
22  4.330180  11.333984       0.170867  
23  4.624200  11.482472       0.133893  
24  4.325455  13.264467      -0.031082  
25  5.033942  10.317047      -0.032662  
26  4.099159  11.700644       0.306218  
27  4.455963  10.791100      -0.494302  
28  4.323807  11.997750      -0.361371  
29  4.028059  10.443920       0.076096  
30  4.092065  11.182005       0.242740  
31  4.349919  11.909299       0.205249  
32  4.476230  12.961229       0.152165  
33  4.704155  15.025934       0.037900  
34  4.481456  17.377667       0.189902  
35  4.006576  12.163773       0.493043  
36  4.731532  14.410996       0.282458  
37  4.390062  13.517989       0.008986  
38  4.395152  13.823987      -0.140363  
39  4.169687  11.401193       0.287761  
40  4.351262  11.516505      -0.393567  
41  3.877790  11.832485       0.017422  
42  4.328638  11.797589       0.177468  
43  4.189546  11.234952       0.357439  
44  3.984019  12.430640       0.396616  
45  4.069463  12.152068       0.418471  
46  4.278388  12.571070      -0.212205  
47  4.298568  13.096114      -0.013805  
48  4.391692  13.037606       0.389513  
49  4.546286  12.855800       0.080107  
50  4.374538  12.602002      -0.265714  
51  3.759301  13.311999       0.234807  
52  4.309783  14.166803      -0.830284  
53  4.331381  13.983214      -0.199643  
54  4.647251  11.712229       0.042474  
55  3.763466  12.951568       0.272281  
56  4.257301   9.772478       0.179198  
57  4.297756  12.788411      -0.072438  
58  3.836242  12.764737       0.396360  
59  3.898980  12.364599       0.049566  
    P_ECCENTRICITY      P_OMEGA      P_TPERI  P_IMPACT_PARAMETER      S_AGE  \
0         0.341563    -1.000000    -1.000000            0.211207   1.630753   
1         0.017810    -1.000000    -1.000000            0.763933   3.947669   
2         0.080979    -1.000000    -1.000000            0.427824   3.361211   
3         0.689362  1651.227086  6173.012247            1.073201   9.907245   
4         0.484568    -1.000000    -1.000000            0.794331   1.941612   
5         0.775433    -1.000000    -1.000000            2.273686   5.218563   
6         0.172732   133.627427    -1.000000            0.582600   7.560131   
7         0.014631   199.258910    -1.000000            0.755005  10.250997   
8         0.421721   748.380234    -1.000000            0.779105   2.664303   
9         0.170827    -1.000000    -1.000000            0.437054   6.765968   
10       -1.000000    -1.000000  3373.314414            0.701268   0.732162   
11        0.189919    -1.000000    -1.000000            0.085481  17.896095   
12        0.090122    -1.000000    -1.000000            0.106460   8.880372   
13        0.042164    -1.000000    -1.000000            0.270833   4.333847   
14        0.359470    -1.000000    -1.000000            0.028396  16.302512   
15        0.266285   208.648515    -1.000000            0.329285   9.475374   
16        0.384763    -1.000000    -1.000000            0.518310   6.200838   
17        0.182717    -1.000000    -1.000000            0.174806   6.842589   
18        0.235914   131.712551    -1.000000            0.107646   5.368900   
19        0.390103   304.023399    -1.000000            0.123927   3.840566   
20        0.201582    70.813054    -1.000000            0.200548   4.265209   
21        0.008116    -1.000000    -1.000000            0.202339   0.383192   
22        0.065406    -1.000000    -1.000000            0.302311   4.131894   
23        0.263243    -1.000000    -1.000000            0.349395   7.438485   
24        0.060704    -1.000000    -1.000000            0.452292   5.155907   
25        0.154965    -1.000000    -1.000000            0.256638  14.718650   
26        0.071711    -1.000000    -1.000000            0.239735   5.190819   
27        0.601064    -1.000000    -1.000000            0.897178   4.080375   
28        0.359303    -1.000000    -1.000000            0.737393   4.200763   
29        0.174165    -1.000000    -1.000000            0.105589   2.016328   
30        0.331975    -1.000000    -1.000000            0.225335   4.240929   
31        0.092992    -1.000000    -1.000000            0.284458   9.918748   
32        0.084066    -1.000000    -1.000000            0.051397   9.283577   
33        0.134646    -1.000000    -1.000000            0.191777   6.319850   
34        0.326735    -1.000000    -1.000000            0.248903   1.407223   
35        0.430336    -1.000000    -1.000000            0.197331   5.487324   
36        0.379661   364.508214    -1.000000            0.611052  -1.000000   
37        0.055260    -1.000000    -1.000000            0.941347   8.700192   
38        0.147423   429.616265    -1.000000           -1.000000   0.316245   
39        0.058685    -1.000000    -1.000000            0.398919   2.546880   
40        0.448722    -1.000000    -1.000000            0.863161   3.166765   
41        0.651991    -1.000000    -1.000000            0.650170   3.006342   
42        0.020211    -1.000000    -1.000000            0.599822   5.909137   
43        0.182229    -1.000000    -1.000000            0.062784   3.586574   
44        0.291730    -1.000000    -1.000000            0.122943   0.659489   
45        0.272272    -1.000000    -1.000000            0.195929   6.837702   
46        0.279467    -1.000000    -1.000000            0.938438   3.890324   
47        0.518346    -1.000000    -1.000000            0.619049   6.425360   
48        0.490262    -1.000000    -1.000000            0.082208   9.853343   
49        0.116428    -1.000000    -1.000000            0.963621   9.981826   
50        0.167829    -1.000000    -1.000000            0.120802   1.865551   
51        0.216344    -1.000000    -1.000000            0.872180   3.016376   
52        0.694676    -1.000000    -1.000000            1.448155   6.095761   
53        0.313278    -1.000000    -1.000000            0.562574   4.598175   
54        0.055371    -1.000000    -1.000000            0.942731   6.610931   
55        0.180785    -1.000000    -1.000000            0.861819   0.831583   
56        0.369359    -1.000000    -1.000000            0.650568   4.996350   
57        0.257934    -1.000000    -1.000000            0.867597   7.061536   
58        0.086056    -1.000000    -1.000000            0.480568   3.721606   
59        0.005453    -1.000000    -1.000000            0.598207   0.429524   

     S_LOG_G      S_MAG  S_METALLICITY  
0   0.265543   3.146524       0.412053  
1   0.359974   1.035054       0.082251  
2   0.053309   1.509299       0.113177  
3  -1.000000   4.610029      -1.000000  
4   0.726645   1.069415       0.683612  
5   0.088738  16.325316       0.949452  
6   1.082066  -1.000000       0.168672  
7   0.231027  -1.000000       0.231267  
8   0.437410  -1.000000       0.367960  
9   0.082724   4.322265       0.233623  
10  0.307364   4.761156       0.596012  
11  0.328371   0.824765       0.228001  
12  0.175706   1.591936       0.217567  
13  0.126290   1.912792       0.193582  
14  0.263081   3.026039       0.332676  
15  0.172480  -1.000000       0.011624  
16  0.247494   0.175351       0.026184  
17  0.105394   1.588803       0.032611  
18  0.050465  -1.000000       0.135791  
19  0.386230  -1.000000       0.394500  
20  0.377056  -1.000000       0.185107  
21  0.003940   0.744108       0.300885  
22  0.059820   2.106016       0.099133  
23  0.144200   2.585528       0.146107  
24  0.015455   0.465533       0.031082  
25  0.363942   3.282953       0.094338  
26  0.330841   1.506356       0.336218  
27  0.475963   2.353900       0.594302  
28  0.333807   0.995250       0.396371  
29  0.178059   0.374920       0.156096  
30  0.297935   1.930995       0.092740  
31  0.170081   1.977701       0.155249  
32  0.003770   0.828771       0.177835  
33  0.254155   0.251934       0.037900  
34  0.241456   3.543667       0.289902  
35  0.413424   0.226227       0.193043  
36  0.091532   0.955996       0.282458  
37  0.060062   0.383011       0.271014  
38  0.025152   0.993987       0.088637  
39  0.180313   1.695807       0.267761  
40  0.411262   1.438495       0.373567  
41  0.232210   0.933515       0.072578  
42  0.151362   2.136411       0.167468  
43  0.200454   1.377048       0.197439  
44  0.235981   0.009360       0.553616  
45  0.350537   0.039932       0.358471  
46  0.278388   0.533930       0.212205  
47  0.101432   1.287886       0.403805  
48  0.058308   1.126606       0.099513  
49  0.116286   0.993200       0.169893  
50  0.134538   0.042002       0.475714  
51  0.400699   0.565999       0.234807  
52  0.389783   0.789803       0.840284  
53  0.131381   0.366214       0.419643  
54  0.137251   2.715771       0.277526  
55  0.536534   0.355432       0.252281  
56  0.282699   3.861522       0.239198  
57  0.057756   1.124589       0.468438  
58  0.573758   0.705263       0.288360  
59  0.051020   0.786599       0.140434  

Barebones
P_ECCENTRICITY mean value is: 0.2793376351962305
P_OMEGA mean value is: 1308.9349214232684
P_TPERI mean value is: 4146.023408438855
P_IMPACT_PARAMETER mean value is: 0.5555463470149721
S_AGE mean value is: 7.571944024945994
S_LOG_G mean value is: 0.27022069744479066
S_MAG mean value is: 2.394551527545675
S_METALLICITY mean value is: 0.29903997126340537

With normalization
P_ECCENTRICITY mean value is: 0.18691137609774935
P_OMEGA mean value is: 117.79743276913088
P_TPERI mean value is: 1724.2060481927667
P_IMPACT_PARAMETER mean value is: 0.42141728305004145
S_AGE mean value is: 38650360.17822255						//Normalization accentuated errors in the original data
S_LOG_G mean value is: 0.16354771887059869     				//For example integer overflows
S_MAG mean value is: 3.173597348875111
S_METALLICITY mean value is: 0.17513218257019847

Simple preprocessing added
P_ECCENTRICITY mean value is: 0.21327997726685075
P_OMEGA mean value is: 124.05907960690838
P_TPERI mean value is: 1838.525634990384
P_IMPACT_PARAMETER mean value is: 0.3594970091657759
S_AGE mean value is: 3.469065942351347
S_LOG_G mean value is: 0.16817851468720835
S_MAG mean value is: 3.1466904641535702
S_METALLICITY mean value is: 0.18352186318460922